20
10
8
2
6
12
4
2
22
11
3
17
6
1
8
5
2
10
6
1
20
9
4
6
6
109
6
2
49
2
13
69
17
15
5
9
14
8
9
20
4
8
23
106
10
2
13
7
10
22
3
23
52
4
6
14
8
4
48
5
14
4
3
10
1
4
52
17
10
21
10
18
1
14
17
13
101
1
1
4
4
5
12
10
10
65
2
2
6
8
4
17
2
24
12
15
1
37
2
1
3
6
5
2
1
10
4
2
2
1
17
4
1
15
24
11
6
1
5
2
8
6
33
6
1
6
2
7
2
12
22
1
3
3
4
4
7
2
4
10
13
2
11
10
1
11
5
6
10
2
12
8
3
1
11
19
11
5
9
3
4
4
20
2
3
2
23
11
1
8
6
1
7
4
2
27
10
13
78
10
8
54
2
16
7
13
9
15
57
18
5
27
2
7
2
10
6
8
2
7
21
1
58
2
11
2
52
4
75
15
8
7
53
12
23
47
12
5
3
68
17
25
1
10
16
13
56
1
3
8
4
3
9
23
23
1
4
1
4
1
3
5
20
4
12
47
17
1
14
10
2
1
10
5
52
7
6
20
11
2
15
102
3
21
17
7
14
71
12
53
7
15
12
1
3
5
13
9
2
5
4
102
4
11
3
10
2
13
5
6
1
3
2
4
4
10
36
4
4
6
3
13
4
1
16
3
10
2
4
1
12
1
1
1
11
2
4
4
9
3
6
2
2
4
1
13
65
19
12
65
42
5
9
1
1
7
5
1
24
3
1
6
15
1
1
1
5
6
4
11
18
8
19
1
4
8
71
13
20
4
56
19
1
3
14
8
6
3
52
4
2
6
3
52
23
14
4
13
2
5
15
5
3
6
2
4
1
1
6
1
5
2
6
14
3
101
2
12
4
2
49
53
2
2
1
11
5
45
12
2
3
21
17
1
9
11
7
11
15
3
6
8
33
4
13
14
1
1
2
24
5
5
27
9
4
11
101
9
15
1
1
4
2
3
4
4
4
30
5
6
4
17
1
23
5
15
8
2
1
7
3
12
6
4
4
8
5
2
1
9
6
10
22
5
2
17
5
5
8
5
9
5
1
6
1
7
15
6
5
11
2
8
3
3
4
10
36
5
11
2
2
20
1
4
7
20
10
1
14
17
6
12
32
13
1
1
2
15
27
5
3
23
5
2
9
12
1
2
3
2
3
24
1
2
8
5
47
1
4
10
13
1
2
69
13
1
1
18
3
12
18
10
5
2
7
10
10
16
2
11
47
3
11
47
17
64
8
14
1
2
2
3
3
4
47
6
15
2
2
4
8
1
15
8
17
1
7
1
63
16
11
3
47
1
3
7
12
14
1
1
3
9
5
21
68
2
3
1
14
6
2
12
2
9
21
6
8
4
3
4
8
11
10
29
2
5
1
10
3
10
5
4
2
9
1
49
6
2
1
5
51
10
17
34
2
5
9
11
36
2
5
1
1
14
7
7
2
3
4
1
3
1
2
4
9
17
3
21
4
5
6
5
1
2
17
1
7
2
4
5
3
9
1
2
3
3
11
50
11
9
5
19
2
5
4
48
2
1
9
69
10
14
6
1
50
3
15
3
2
10
17
17
1
1
16
10
2
1
2
2
2
5
5
1
5
2
55
4
5
4
6
22
33
3
22
8
2
9
14
1
1
4
7
2
1
5
4
3
1
12
1
10
17
2
2
1
1
10
50
10
71
2
2
1
4
13
4
10
2
20
14
4
68
10
6
1
8
1
1
1
9
4
5
7
14
37
2
4
22
64
1
2
2
3
4
6
1
17
5
1
9
31
16
1
13
9
34
2
1
1
1
12
4
1
8
5
1
47
12
1
1
6
2
3
6
4
13
1
1
9
1
1
11
1
13
8
3
63
1
1
24
6
2
6
39
5
3
5
22
25
7
5
40
2
6
8
1
9
9
9
49
11
1
3
1
13
1
66
4
3
8
1
3
3
5
13
4
1
1
1
1
1
3
3
13
13
11
14
17
35
5
5
3
1
1
1
3
3
2
1
1
1
1
3
4
5
32
63
15
1
1
33
1
1
1
1
1
12
49
1
5
1
6
1
25
9
5
3
27
1
3
33
27
5
7
13
6
4
1
18
9
1
75
9
52
3
4
1
4
3
13
28
9
9
10
5
36
1
2
19
1
4
2
37
3
25
7
1
1
1
4
14
10
15
2
5
16
7
13
2
2
15
10
14
5
3
54
24
4
16
12
28
11
29
27
4
13
18
2
3
8
1
2
11
4
32
49
4
53
4
31
31
20
51
28
33
32
1
59
3
11
48
6
3
1
7
34
6
1
4
43
19
4
2
23
22
13
17
13
6
4
13
75
2
13
1
29
28
55
1
2
2
21
32
36
17
3
18
80
2
1
2
32
5
14
29
1
7
40
16
26
2
1
7
1
10
2
1
12
3
48
2
8
1
3
13
1
7
1
1
1
5
7
1
1
2
1
5
9
3
3
4
10
5
7
2
45
17
9
6
2
24
15
42
11
10
13
5
59
29
6
28
19
9
27
3
7
37
14
16
29
18
9
44
3
95
30
3
49
39
1
33
1
1
63
26
12
9
2
7
9
13
2
32
32
1
7
8
12
47
55
30
35
21
2
15
41
13
5
10
9
4
53
8
17
30
4
2
23
36
37
1
1
3
4
6
23
1
15
24
4
38
7
4
13
4
31
36
36
6
2
29
36
6
27
4
11
8
3
4
3
6
39
31
10
38
6
11
5
3
27
28
3
22
16
16
60
122
58
1
16
6
55
29
3
2
7
4
18
28
7
36
8
23
41
27
16
9
1
21
64
54
34
46
33
10
40
34
12
33
19
13
17
81
45
5
31
43
5
5
1
34
25
19
22
4
7
12
9
16
20
15
37
4
45
1
4
40
3
12
3
53
15
22
22
35
84
4
16
3
9
35
5
60
31
60
24
27
26
21
10
1
9
1
3
6
16
34
34
4
23
14
1
17
33
23
32
2
6
10
23
10
41
15
30
18
11
6
10
2
15
5
29
9
4
48
2
2
3
67
1
5
3
30
11
11
72
24
66
11
20
33
1
10
48
1
84
61
36
11
10
23
1
10
10
41
22
45
14
22
7
34
6
40
16
35
27
65
3
27
48
14
1
1
12
13
4
15
1
5
2
5
21
18
85
5
21
22
9
21
5
4
42
90
50
13
11
35
34
65
47
35
22
37
28
10
15
46
57
8
15
13
40
4
18
29
20
23
24
9
1
8
6
37
16
30
8
76
3
31
24
9
22
16
19
11
30
1
11
1
1
1
5
65
7
18
12
11
8
31
1
97
64
12
65
7
3
11
25
16
19
29
13
3
33
30
15
12
39
38
52
18
50
47
30
39
42
27
15
9
9
37
21
27
6
8
22
74
12
21
6
5
15
58
26
4
24
1
40
2
17
9
6
2
6
26
15
8
1
19
4
26
12
4
1
3
4
29
48
56
10
2
15
1
4
3
1
59
11
12
17
26
47
33
56
59
31
6
12
9
17
46
14
18
10
27
15
34
19
20
15
51
32
37
82
3
60
21
33
14
23
6
11
77
117
4
39
10
24
21
31
38
20
10
1
1
2
21
9
5
1
1
72
43
18
20
22
104
12
13
1
20
8
8
4
4
48
27
2
55
23
50
7
42
2
10
32
5
6
1
3
2
55
17
1
7
30
9
13
26
6
48
3
24
14
66
10
2
26
14
2
16
17
33
14
14
5
22
36
47
20
22
44
14
41
9
42
27
5
11
1
21
4
35
20
42
33
67
39
12
25
42
16
31
24
23
10
65
11
6
2
6
23
87
7
3
1
4
4
2
9
12
9
3
20
20
23
60
3
2
6
3
24
1
4
13
1
1
9
16
4
6
6
24
27
54
3
42
6
11
13
27
13
4
21
24
14
13
8
5
3
8
8
6
19
5
15
17
6
1
6
7
3
20
2
63
17
4
1
4
17
8
63
24
28
2
3
50
2
68
5
1
11
4
6
5
7
5
2
5
13
16
21
1
1
76
8
42
52
6
2
3
3
10
25
56
91
8
14
16
13
12
15
15
8
9
23
23
32
20
12
4
9
5
12
11
13
17
28
74
33
33
8
3
4
22
54
4
18
4
68
13
3
13
11
12
19
9
45
6
26
20
55
35
21
13
22
1
54
3
5
10
22
3
17
25
9
3
1
8
13
34
1
6
10
25
1
9
2
9
25
18
64
13
17
40
16
14
18
11
18
1
27
7
1
9
47
13
9
1
11
1
4
5
22
4
20
8
7
56
18
15
10
10
26
14
2
1
4
5
5
14
33
31
14
6
8
24
8
75
27
36
18
15
32
23
8
36
3
29
3
20
5
3
24
21
67
3
7
22
54
4
7
40
40
10
13
44
15
17
1
60
54
18
25
3
16
10
2
70
20
10
30
11
12
5
21
23
31
10
18
14
11
19
18
4
8
11
33
11
1
8
15
7
1
9
4
3
11
9
3
2
10
5
11
2
6
9
8
20
7
2
27
17
5
17
11
11
4
4
21
28
3
15
15
11
13
7
45
17
17
1
3
3
2
7
2
6
5
2
5
43
18
47
8
8
6
26
55
4
8
17
14
5
10
6
11
3
1
7
30
18
21
1
15
30
6
5
37
65
9
23
23
18
6
22
18
54
6
6
9
55
17
22
34
10
3
7
1
4
9
18
13
12
4
22
104
42
2
23
3
35
9
29
14
1
10
3
24
14
2
3
16
1
41
31
8
15
4
9
3
45
65
19
47
6
16
37
16
11
14
37
49
8
8
13
21
35
30
8
11
36
5
5
8
6
7
36
5
52
6
4
6
17
6
17
3
25
19
31
40
8
12
2
9
6
3
33
26
11
23
17
21
5
9
2
9
7
3
10
17
18
11
7
63
15
5
60
1
12
14
32
23
16
6
15
34
1
17
24
3
19
6
8
16
1
7
15
8
5
6
4
16
2
6
12
6
5
4
9
2
6
25
7
8
6
27
6
46
11
19
4
18
32
9
14
14
14
27
21
8
3
56
29
12
8
14
6
9
7
7
18
7
7
14
41
1
23
33
30
16
13
1
28
28
69
15
9
8
1
5
26
35
1
19
1
2
4
1
1
29
22
16
26
4
12
21
32
33
3
4
16
17
1
7
2
17
31
15
8
1
49
9
7
16
23
13
1
65
29
13
17
8
10
20
8
6
6
16
5
104
5
41
13
1
8
22
5
3
2
1
10
9
11
19
7
25
24
13
11
12
23
22
13
46
42
14
15
33
14
2
72
18
14
16
1
2
10
21
33
33
15
18
23
72
58
9
6
13
1
5
25
3
35
24
4
8
10
27
10
17
12
4
7
2
17
10
9
30
102
9
22
49
48
40
2
3
15
2
9
2
1
4
13
17
36
1
2
1
4
30
65
32
13
5
3
2
22
4
11
1
2
11
34
9
12
12
121
55
9
11
3
17
1
3
54
12
10
7
62
42
9
27
26
33
33
23
74
30
15
11
12
10
16
14
10
12
9
5
52
65
6
8
8
12
18
5
49
14
18
34
21
3
9
8
14
4
20
7
12
38
34
1
17
13
71
42
43
15
9
13
24
14
34
14
16
11
29
5
2
11
6
1
8
39
2
7
1
6
13
4
3
6
6
48
1
41
2
9
3
24
15
20
14
16
12
17
18
14
3
8
41
2
20
68
16
6
6
2
36
64
4
17
34
4
61
10
49
28
64
32
6
9
12
14
25
12
39
15
13
9
21
34
20
18
42
12
19
16
4
7
21
20
28
46
16
2
54
68
20
1
18
58
21
25
49
17
24
17
1
1
10
12
6
24
9
41
2
4
24
39
33
11
10
8
18
7
5
2
14
1
32
1
4
1
5
1
3
4
9
3
6
4
9
92
2
1
12
10
20
4
14
13
4
16
5
16
14
11
61
11
11
20
18
54
6
17
21
1
3
11
19
54
19
27
13
30
14
22
8
12
30
3
18
23
12
41
10
16
50
26
40
65
4
19
2
27
1
17
30
3
12
41
5
11
39
36
21
101
35
54
65
21
24
32
7
25
8
24
26
18
27
28
24
20
59
25
34
6
11
27
19
7
4
9
4
10
9
12
11
28
3
64
1
11
48
24
3
14
22
14
4
39
13
3
11
2
4
8
28
5
11
3
5
2
4
17
4
18
2
5
9
1
14
1
19
8
9
2
4
48
39
20
47
1
1
15
7
17
52
1
1
11
1
21
4
1
21
3
11
4
19
5
37
24
11
4
22
42
51
40
19
10
38
14
17
13
2
3
10
9
46
12
38
6
26
3
7
7
59
36
8
46
18
31
37
28
28
13
29
2
20
3
10
25
10
5
10
15
12
37
3
3
34
23
10
7
10
10
4
1
8
4
6
33
9
11
2
1
1
4
1
16
18
10
30
1
1
22
8
29
31
43
7
4
24
19
8
32
35
55
22
8
7
9
2
10
1
11
35
5
13
14
1
8
34
27
10
27
16
4
4
5
1
1
3
16
5
6
1
17
34
1
26
12
1
1
1
1
3
5
3
1
7
2
2
19
3
7
1
1
13
8
30
3
3
1
5
2
1
1
1
8
11
8
3
12
1
1
2
4
6
1
1
17
6
7
8
11
5
8
8
6
4
1
2
19
1
1
21
10
3
2
1
1
4
2
1
2
2
1
1
7
4
1
3
1
18
3
48
6
2
11
3
3
4
9
6
14
3
3
1
2
2
3
1
3
25
1
6
21
8
14
18
9
3
1
3
11
6
1
6
9
14
3
2
2
28
1
2
9
1
40
4
4
12
5
8
2
16
11
52
40
5
9
2
11
18
1
3
3
13
2
1
1
2
16
1
14
10
9
16
22
6
23
24
9
13
6
22
17
17
6
11
4
5
55
9
8
2
4
2
4
7
4
7
62
15
3
2
22
36
23
17
21
1
13
6
12
19
4
7
9
47
25
8
11
17
28
4
1
5
6
23
29
24
21
2
12
9
3
4
9
5
17
3
13
3
10
3
8
13
1
9
13
17
3
2
2
7
10
9
5
11
4
23
23
12
13
6
18
3
3
6
1
3
1
1
3
2
5
1
5
7
1
1
2
1
1
2
7
2
1
1
12
1
17
17
4
18
44
1
1
9
2
2
9
13
1
1
3
1
1
1
1
2
1
1
2
2
2
1
3
3
2
1
6
1
1
1
10
1
1
1
1
1
3
2
10
5
3
1
2
1
8
4
2
1
1
1
1
1
1
2
3
2
1
1
1
1
3
1
2
1
2
1
1
1
10
1
8
1
1
1
1
1
2
1
1
39
5
1
1
4
1
1
11
2
3
1
3
1
1
3
1
1
1
1
1
2
3
2
7
1
1
2
1
1
3
1
1
1
2
1
2
2
1
1
3
14
6
3
11
3
32
32
7
83
18
15
42
21
22
23
5
22
6
10
26
11
33
7
17
17
37
28
30
23
12
14
4
33
12
30
73
38
5
6
30
22
8
76
64
18
24
22
34
55
23
28
4
60
21
13
10
12
12
71
8
14
35
33
28
35
16
58
11
8
4
121
17
21
66
9
12
6
2
35
14
53
2
18
1
20
3
5
4
1
54
20
5
11
4
3
48
7
2
4
2
1
1
36
2
11
41
3
21
2
4
19
5
5
9
46
36
2
1
35
21
11
4
2
21
48
40
3
1
7
3
3
1
8
6
1
1
1
5
15
1
2
2
2
7
15
4
1
8
15
1
3
44
5
18
4
2
4
1
39
6
13
6
15
2
14
9
8
6
3
1
1
1
1
58
39
1
1
11
6
7
2
1
2
2
3
4
20
24
8
11
60
9
22
5
1
6
11
10
24
9
2
9
1
11
44
71
74
12
11
2
3
16
5
1
1
6
9
3
4
1
2
11
3
1
1
24
22
13
22
17
1
21
3
9
28
5
12
1
1
23
3
8
3
23
1
21
1
3
1
55
10
1
1
1
1
3
2
4
3
5
48
11
1
47
3
9
3
3
10
1
5
1
1
2
1
6
3
1
1
1
1
3
1
1
1
1
1
1
1
4
2
1
23
2
8
7
21
3
1
20
13
3
2
5
5
6
1
17
2
55
11
14
10
7
36
6
6
2
5
1
17
7
3
68
66
6
101
3
13
6
3
8
2
3
2
14
1
10
2
2
6
10
8
3
1
24
14
1
12
1
11
63
14
19
1
2
3
11
25
3
1
1
10
52
2
3
2
3
4
22
2
1
11
1
6
4
15
1
4
16
15
1
1
1
9
13
1
1
2
3
90
1
5
1
1
1
2
2
1
1
1
1
2
1
24
16
2
5
1
4
1
10
10
2
4
3
23
10
1
1
6
23
1
2
5
39
114
97
28
3
10
6
66
11
70
33
11
16
2
2
3
8
2
4
6
5
4
22
18
3
7
1
1
21
9
2
3
2
47
6
3
1
12
14
36
11
3
1
7
15
22
1
10
3
38
1
11
36
1
1
1
1
12
5
3
2
3
16
1
1
52
1
1
1
3
3
1
1
3
1
7
2
1
4
55
1
26
12
8
3
7
1
8
2
23
13
2
60
3
12
6
50
1
10
1
24
38
13
5
17
3
2
1
9
6
7
3
80
2
2
3
3
3
20
20
17
1
2
2
1
3
1
3
9
68
5
3
2
1
6
1
12
2
1
1
1
1
8
1
1
2
1
1
1
7
1
1
1
1
1
38
3
4
1
1
1
1
1
6
5
4
2
2
9
7
13
5
10
4
17
4
14
10
28
3
2
14
3
23
10
10
2
1
7
1
4
1
1
1
1
4
1
1
2
1
3
1
2
1
1
2
1
1
13
24
12
47
1
8
4
55
19
10
1
56
11
14
74
2
11
4
23
3
21
19
21
47
2
7
5
2
6
18
10
48
3
28
1
17
41
5
18
2
3
35
1
36
1
4
21
1
3
1
11
121
19
7
6
66
13
9
8
10
14
5
2
2
22
2
12
5
6
24
69
21
6
1
4
4
47
1
4
3
2
17
27
13
2
29
3
63
11
12
12
10
7
3
1
10
3
3
2
8
2
9
5
5
6
2
1
pap: min: 1, max: 122
psp: min: 1, max: 1841
pap_avg [[14.39487435]]
psp_avg [[1079.42597661]]