7
8
17
2
8
34
1
28
3
5
9
22
5
6
12
5
17
15
9
1
5
1
11
20
1
18
10
2
8
11
1
13
2
29
1
13
4
1
17
11
7
18
2
2
1
9
3
2
7
4
6
34
1
13
1
12
30
5
11
14
1
1
6
2
1
24
5
1
1
6
1
21
1
18
37
8
4
5
12
12
71
14
44
25
20
7
39
16
35
13
1
4
15
7
11
6
41
24
1
3
7
2
10
17
9
2
13
3
7
19
17
1
6
12
19
10
58
6
6
11
15
3
10
12
29
28
1
20
5
11
2
2
7
1
8
27
13
3
2
1
57
4
16
4
12
12
7
6
2
2
27
31
3
40
4
4
1
2
15
11
2
20
2
3
1
1
34
16
16
5
7
3
11
12
3
16
5
2
10
14
1
1
12
27
25
4
15
11
5
3
6
30
10
5
1
11
6
5
9
2
2
1
1
1
36
34
7
1
27
4
1
38
1
10
5
5
5
6
1
17
17
22
10
3
5
22
3
14
1
60
35
15
2
107
76
71
71
61
23
14
1
38
8
74
101
55
42
64
52
41
16
2
17
1
81
108
6
55
51
56
39
35
95
45
3
59
14
1
59
16
16
94
134
11
43
2
57
5
61
26
76
14
56
38
18
22
18
61
11
95
3
38
23
8
30
82
72
19
26
79
58
15
6
31
60
59
30
27
59
2
42
49
13
17
8
48
7
38
24
92
1
27
76
1
1
2
1
28
26
30
10
3
79
76
16
7
22
25
106
34
10
66
19
2
87
33
19
69
5
38
11
4
2
35
62
2
58
8
2
10
42
63
39
16
10
14
150
5
2
39
4
22
35
1
2
1
4
49
5
4
69
9
70
14
30
66
9
5
3
35
86
55
3
25
44
2
11
1
28
53
58
3
40
28
42
36
57
33
29
3
24
10
34
43
30
24
11
17
62
30
22
4
66
23
13
52
65
37
43
13
36
63
1
59
4
76
3
6
31
7
12
2
15
44
1
19
2
21
2
9
1
1
15
3
1
49
18
32
11
15
44
17
68
68
72
6
22
62
13
19
34
21
4
2
93
35
17
26
6
27
26
7
41
22
38
13
3
15
11
20
9
2
76
7
3
16
13
32
29
24
28
31
23
14
5
32
42
30
72
22
19
53
24
22
31
42
33
20
20
123
18
32
5
19
17
9
9
101
1
19
4
12
4
22
33
30
19
39
55
59
20
42
49
19
15
39
32
8
46
22
14
20
8
32
1
18
5
5
33
20
33
25
56
36
11
41
22
67
43
97
15
19
159
29
10
56
29
63
1
14
16
18
5
37
1
10
1
1
17
28
68
34
49
20
11
56
22
12
31
44
3
43
2
61
14
31
32
50
35
8
66
33
6
3
16
14
20
38
38
25
46
1
21
38
23
43
25
29
12
33
10
15
18
33
2
16
48
1
35
17
40
11
23
39
18
26
35
40
20
22
12
3
27
2
2
6
34
40
31
23
117
28
21
24
53
20
29
47
42
89
38
10
13
30
3
12
5
4
26
20
40
16
38
22
8
7
10
32
12
9
1
1
1
5
13
2
49
2
2
29
79
10
11
86
77
40
7
25
1
6
4
6
5
52
41
5
12
5
5
54
68
12
2
22
29
17
10
1
5
31
27
25
10
36
6
35
29
32
36
48
48
78
45
78
21
64
13
15
8
20
2
99
78
41
11
36
119
65
21
14
6
61
18
18
16
35
41
5
30
10
5
28
10
45
19
12
12
19
2
31
90
48
28
98
54
7
13
49
82
17
1
3
3
1
11
7
41
32
24
49
15
40
43
7
12
54
6
18
45
17
18
10
123
67
32
15
29
20
7
3
52
5
35
21
21
14
52
56
78
16
3
7
27
6
83
11
71
4
10
62
11
25
67
14
58
60
19
75
79
18
18
14
9
18
24
6
13
12
12
21
14
28
7
8
88
19
46
17
29
5
10
14
67
33
39
3
24
8
35
42
80
21
19
38
33
28
48
24
14
22
27
7
16
19
73
89
20
7
17
22
16
14
11
6
30
15
51
4
29
32
47
27
5
17
105
35
86
8
2
66
5
96
63
15
17
11
9
9
36
21
7
12
23
8
23
7
25
22
8
41
81
5
14
38
24
16
11
93
20
25
31
33
12
16
22
5
24
30
21
9
2
14
31
16
38
36
55
80
27
88
38
11
6
32
37
4
63
6
80
5
26
17
2
14
49
32
32
25
5
22
22
37
26
17
9
9
56
28
21
2
3
48
22
9
3
26
5
14
19
43
32
16
96
12
53
26
1
7
15
8
41
5
62
19
7
10
87
24
25
17
25
36
4
56
54
18
36
7
89
66
15
11
26
54
56
5
56
16
4
19
30
3
42
24
40
47
20
22
16
20
15
13
20
10
10
22
104
14
39
37
30
10
64
7
11
39
69
31
1
20
22
53
6
15
49
8
35
60
39
8
3
24
4
29
94
13
13
51
63
78
42
29
1
99
16
7
28
25
23
7
38
48
7
12
22
5
6
121
12
48
28
16
55
36
5
20
11
4
21
121
31
11
36
111
71
42
14
22
22
16
14
3
29
10
37
29
11
2
31
20
14
21
4
6
36
71
101
3
4
91
11
3
30
43
20
59
58
5
25
18
38
8
6
19
25
28
20
43
14
9
50
33
33
7
28
50
33
3
11
39
9
2
69
3
59
18
12
59
7
9
35
38
8
96
3
26
30
18
8
15
97
46
8
9
8
36
62
5
39
8
3
1
17
23
1
3
16
17
1
5
21
8
25
1
1
11
39
14
36
1
12
3
1
1
4
9
6
10
26
5
7
5
1
9
3
1
5
1
3
1
21
3
5
15
17
29
24
11
2
15
1
1
15
18
1
3
23
10
1
57
22
1
2
42
67
1
15
7
8
22
2
1
52
7
1
1
33
41
1
16
1
2
39
9
2
19
1
106
2
3
7
31
6
7
1
15
21
7
22
2
10
2
20
46
35
17
2
2
1
6
3
15
7
20
17
10
11
4
45
1
4
11
14
1
1
10
15
21
18
1
39
14
8
1
10
12
10
5
3
3
10
1
1
18
23
34
14
1
4
46
9
8
3
1
4
2
31
2
11
2
13
19
4
5
1
16
13
2
51
28
6
30
37
3
16
2
4
23
18
4
5
8
7
33
5
16
6
2
4
10
21
4
3
5
22
3
4
51
5
4
2
3
6
27
19
7
5
82
3
11
40
1
9
8
11
2
32
19
1
24
8
7
12
11
14
2
53
1
7
25
7
3
15
20
17
15
5
12
23
6
10
67
13
12
1
5
74
3
3
44
3
12
7
5
4
24
6
10
12
11
23
2
4
23
5
14
31
27
20
18
9
15
2
1
6
29
11
22
1
96
12
15
37
5
3
10
6
9
24
9
45
40
12
1
98
33
9
117
15
40
17
44
7
1
5
25
23
18
17
2
1
3
1
3
28
14
1
55
12
4
2
39
12
10
25
7
9
6
6
15
5
10
10
43
20
23
21
9
36
2
10
12
9
9
5
3
2
32
28
35
7
12
6
3
20
22
15
7
2
17
7
107
4
1
10
7
7
5
40
69
8
6
7
15
12
8
38
11
1
2
18
20
4
21
7
16
27
17
7
7
10
17
35
49
37
28
65
21
10
5
21
23
7
6
46
13
26
7
16
2
18
1
18
7
8
7
23
7
7
28
1
10
6
10
23
17
17
35
7
38
11
42
12
35
7
1
46
57
5
11
46
55
29
59
41
35
8
81
28
25
4
15
4
77
14
7
1
39
11
53
20
21
34
27
21
43
4
36
73
7
28
9
3
39
9
1
3
13
36
1
18
16
24
14
13
4
45
18
8
30
19
35
25
15
4
38
18
10
65
51
11
12
5
12
37
7
69
1
18
47
3
53
29
9
12
24
33
93
15
15
26
9
2
35
12
40
22
24
6
26
27
8
18
6
21
5
17
46
1
1
16
16
3
18
16
16
7
25
20
42
5
11
12
57
50
24
28
89
5
42
10
54
2
80
14
82
18
60
76
37
7
10
55
7
6
57
22
3
21
9
12
1
56
38
3
11
40
5
1
46
2
35
35
10
86
26
30
35
27
11
4
17
42
21
9
9
117
18
39
54
18
14
13
2
51
5
1
1
66
6
14
5
1
8
20
10
20
12
20
30
7
84
37
90
1
27
44
23
25
22
33
1
3
20
3
35
19
4
1
19
20
7
12
9
11
1
10
15
74
54
9
57
39
62
1
13
31
14
8
8
1
15
9
37
24
1
43
40
14
22
59
1
76
23
2
9
106
30
39
2
91
30
1
13
11
49
18
12
19
56
16
10
24
30
70
25
34
5
50
4
80
40
35
1
27
1
31
103
8
21
6
8
17
23
3
15
5
1
6
7
13
24
11
3
5
66
4
21
26
5
11
12
24
14
54
1
19
36
46
10
1
9
6
11
27
63
29
25
1
16
16
51
3
3
1
22
5
3
39
6
5
51
13
32
39
46
31
31
11
42
6
3
9
7
12
20
3
73
15
5
25
8
3
15
1
52
1
8
50
29
21
6
50
35
5
48
29
57
33
25
7
3
8
2
9
40
43
4
18
30
1
7
12
13
1
15
25
2
2
15
1
32
15
36
11
27
1
6
9
20
9
1
70
26
36
9
20
6
40
6
13
13
49
2
31
3
17
5
19
30
53
3
22
8
18
14
41
16
6
28
18
10
12
2
4
1
33
18
23
10
53
5
83
2
9
2
11
19
1
5
1
9
5
7
19
4
13
10
3
29
24
49
34
3
16
10
29
18
6
15
3
23
82
21
10
5
21
13
56
49
34
38
18
7
12
19
22
14
16
1
96
29
12
18
27
61
32
38
5
26
20
6
42
3
41
8
39
18
6
20
3
61
33
8
9
17
62
12
1
1
7
3
1
13
41
8
1
14
22
21
5
15
39
36
6
18
58
23
60
1
16
1
1
5
44
15
1
30
33
39
13
21
15
1
15
27
45
15
29
78
46
39
32
9
25
29
57
8
47
2
64
22
24
14
2
27
21
8
13
38
11
20
31
20
22
3
10
3
35
45
2
24
37
5
3
19
12
8
56
20
70
20
17
17
6
14
3
3
9
1
14
4
12
11
4
30
13
18
22
21
4
49
8
2
12
45
2
7
15
2
17
66
21
2
7
1
17
4
5
15
6
45
1
15
1
13
51
19
17
22
42
2
35
1
8
13
3
48
2
7
40
76
6
10
36
4
6
7
2
1
39
7
4
1
1
11
1
15
3
53
3
14
3
24
1
42
21
35
69
21
7
8
68
62
16
34
7
9
34
46
12
22
12
4
11
8
5
3
17
14
7
39
34
20
4
5
8
22
22
6
3
27
38
28
2
54
24
45
4
49
50
30
26
17
55
22
6
7
32
5
28
18
5
8
5
12
3
2
6
17
37
5
3
45
29
1
1
14
56
15
6
19
28
6
21
23
3
37
30
14
6
5
3
2
1
28
13
20
52
5
7
20
9
23
49
14
25
2
1
7
1
1
1
2
3
1
4
16
1
5
1
2
2
7
6
1
6
1
27
3
4
11
3
1
1
1
1
3
84
2
2
3
34
2
3
1
4
19
2
1
4
1
1
1
1
2
14
3
1
1
1
42
2
2
2
1
1
2
1
1
10
2
3
1
1
6
6
14
3
16
14
1
3
2
1
1
2
1
1
1
2
1
3
1
1
1
3
1
4
1
1
3
15
1
1
2
2
1
1
1
4
6
2
1
5
5
2
10
2
2
3
1
15
1
1
1
7
1
2
2
1
1
1
5
2
5
14
2
1
4
1
1
16
3
1
13
3
1
1
1
2
4
1
9
2
2
2
1
10
5
2
4
2
1
1
2
2
5
16
3
1
18
1
3
1
1
2
6
7
3
1
2
4
5
1
1
4
1
2
12
1
2
2
1
14
4
1
2
2
1
3
1
5
3
1
4
31
10
13
2
3
3
14
1
2
3
9
42
1
13
20
38
1
1
16
2
5
5
7
1
1
40
1
11
1
15
1
3
4
1
8
20
13
1
34
3
13
1
40
2
1
1
4
12
34
6
2
1
5
5
5
1
1
1
4
34
1
1
6
1
1
6
2
13
40
1
7
3
1
1
2
2
1
2
1
3
1
40
11
68
2
9
4
1
4
4
1
11
2
9
1
1
3
1
16
25
15
1
17
1
5
3
1
1
1
16
2
1
3
6
1
1
1
3
3
1
1
13
1
2
6
1
54
3
4
2
1
6
7
2
12
3
18
3
11
7
7
1
2
8
5
7
1
6
7
1
10
2
14
2
38
11
1
2
11
1
1
1
1
5
2
34
42
1
4
7
1
4
4
2
13
11
3
21
9
1
10
2
3
10
7
2
10
2
2
3
24
1
1
2
47
3
2
36
4
2
19
47
1
2
5
22
1
6
3
3
6
17
2
44
2
1
11
6
7
1
2
3
10
7
2
1
2
1
2
7
6
30
1
3
27
7
1
4
24
5
9
2
3
24
1
4
43
16
1
1
2
3
23
14
10
1
4
3
6
5
6
3
1
23
1
2
5
9
16
3
25
50
6
1
1
2
21
2
3
1
3
7
3
1
17
3
6
1
5
67
5
1
1
9
14
1
48
1
1
2
9
2
1
11
1
1
1
1
35
2
1
12
1
2
1
1
1
3
1
3
3
1
1
2
1
1
1
4
52
64
14
21
9
9
25
34
15
5
5
19
9
5
19
35
21
4
5
20
5
17
2
1
30
4
20
16
4
17
11
15
14
3
35
5
14
13
7
2
24
45
35
21
2
4
48
26
3
1
6
2
17
4
4
57
65
5
9
14
85
17
6
2
33
34
21
8
13
12
10
47
10
32
53
9
11
20
27
30
24
20
7
10
27
1
14
23
1
25
25
12
18
13
4
10
14
20
19
35
34
31
20
31
8
21
29
9
25
32
18
7
55
60
7
103
19
60
10
57
29
8
6
12
17
84
36
24
56
9
6
18
82
4
14
5
75
19
29
24
5
14
11
35
22
6
8
14
32
9
33
22
2
93
27
19
5
37
25
25
25
7
14
17
24
33
24
11
18
3
43
30
13
83
13
23
6
22
13
4
37
6
30
2
11
9
2
26
23
2
22
16
12
51
25
57
62
71
9
19
2
7
12
112
24
26
12
29
19
66
5
43
51
9
34
10
10
1
20
13
3
70
44
6
6
14
19
13
9
47
22
10
45
10
16
19
29
1
2
15
11
8
9
7
6
2
23
17
20
12
62
22
9
27
62
35
40
1
37
22
9
26
7
38
5
24
45
23
4
7
43
9
5
22
1
32
9
81
4
3
2
1
41
3
51
4
27
54
24
34
39
7
8
3
8
6
38
28
18
13
119
16
39
22
9
19
13
36
11
4
28
52
5
7
8
25
13
21
7
4
40
66
14
10
1
5
33
8
37
41
91
25
7
7
13
23
16
7
13
97
3
41
25
19
5
27
15
3
30
41
1
15
6
29
32
6
41
22
5
2
75
4
3
3
7
27
12
19
4
37
30
16
9
21
19
24
20
26
2
11
30
14
40
18
27
13
42
7
18
30
25
18
24
5
9
1
9
25
17
89
7
145
65
68
36
80
73
69
8
72
75
6
33
97
84
44
48
46
10
40
17
41
96
21
57
12
56
102
148
65
12
75
30
79
35
79
5
28
97
1
39
89
74
38
132
7
67
84
45
53
110
28
69
16
125
194
18
136
120
130
145
40
48
9
15
43
45
76
64
15
109
110
157
173
75
22
15
5
91
93
28
31
81
71
34
30
109
27
19
87
12
114
6
19
1
99
23
35
1
69
63
21
30
67
49
134
12
4
1
105
76
72
81
64
55
84
110
1
53
176
14
4
62
67
64
37
3
108
42
35
66
67
103
76
72
13
16
53
25
20
7
91
77
34
29
21
58
72
8
58
6
1
114
66
7
28
8
3
166
73
90
7
196
18
100
17
36
58
4
98
10
3
43
110
73
45
35
7
4
30
48
34
51
100
36
113
142
41
12
73
32
25
15
106
77
44
58
26
76
17
7
14
7
32
11
50
55
77
14
106
38
80
60
9
27
62
37
62
75
9
34
18
12
40
64
40
30
10
140
9
27
124
37
11
28
61
7
44
113
8
4
34
5
27
27
20
8
44
70
15
29
95
63
44
29
18
42
19
40
90
28
18
10
13
35
2
16
11
13
149
34
24
17
48
20
64
8
24
33
75
15
51
17
74
94
113
5
3
21
41
28
4
17
5
22
5
37
7
216
6
6
8
85
17
12
14
29
21
41
7
2
1
41
1
5
1
41
33
52
13
81
3
3
33
4
11
73
45
5
42
47
38
6
17
7
1
71
6
1
7
9
17
10
17
3
2
2
11
4
2
10
40
1
3
2
27
28
3
1
1
1
10
4
4
2
8
22
43
3
3
9
2
4
8
8
1
3
1
77
19
51
87
20
1
2
5
5
14
1
5
6
1
16
6
3
2
51
3
3
2
9
41
12
38
4
2
1
13
13
1
1
6
29
2
4
4
1
3
2
7
2
1
7
16
3
37
1
1
20
1
3
6
3
9
1
5
5
3
2
21
3
22
2
46
7
46
55
17
2
3
5
1
2
49
2
27
7
7
27
5
20
1
1
6
3
3
11
1
11
2
6
5
4
2
21
1
2
1
3
2
5
52
2
1
11
2
1
2
4
1
6
8
13
2
57
54
42
8
22
7
26
11
4
19
2
50
1
1
8
13
1
3
5
4
16
20
16
1
3
45
7
4
4
3
3
3
6
13
7
24
43
134
19
79
19
12
1
7
15
48
31
2
29
7
7
21
17
2
12
4
61
51
2
4
27
22
58
62
14
85
12
77
67
23
14
3
3
30
30
22
15
50
20
1
14
30
14
6
11
16
15
11
31
9
17
2
10
59
49
57
23
35
13
3
37
5
23
45
50
1
38
27
7
9
32
27
17
30
7
100
14
36
1
111
54
37
9
18
49
11
14
15
21
25
31
82
22
3
58
109
19
32
24
20
40
83
9
11
64
21
50
76
3
48
33
34
48
58
4
21
6
48
20
27
122
39
25
2
17
4
52
162
12
9
81
1
107
65
4
91
27
58
22
49
93
49
1
87
31
9
20
4
31
11
44
5
1
26
17
33
34
25
90
26
84
16
49
52
44
13
1
14
48
75
70
3
6
19
52
7
11
60
102
12
8
2
3
9
14
25
2
8
7
21
14
9
35
55
5
5
15
60
15
61
63
13
14
24
48
21
10
6
32
80
48
4
51
18
1
63
9
3
26
54
52
57
30
3
11
2
13
4
7
43
20
42
8
56
10
90
25
52
9
55
1
2
12
6
23
23
18
32
23
18
29
1
2
14
57
29
4
2
2
71
59
80
1
2
1
34
51
1
11
22
76
77
79
49
13
2
8
5
6
8
2
54
21
1
6
12
26
3
10
1
12
44
55
9
80
17
4
12
5
71
67
26
39
17
57
6
9
64
56
6
40
14
7
60
2
14
33
24
43
21
1
55
12
43
38
1
2
76
33
1
68
11
65
6
3
1
1
3
94
1
1
38
6
3
1
1
3
3
1
41
34
34
25
68
12
35
1
7
5
3
7
50
48
19
4
25
72
31
65
20
72
118
4
1
10
24
3
1
17
19
9
13
52
45
14
1
8
5
2
54
2
9
6
6
9
10
14
70
41
30
21
34
21
8
37
2
13
4
8
48
4
3
16
2
44
7
1
2
10
16
8
37
2
1
16
2
3
1
42
2
9
56
1
12
6
12
13
12
5
1
8
71
3
15
11
6
97
1
23
2
9
5
62
1
78
7
25
6
52
23
38
14
40
24
1
5
8
1
4
39
15
3
3
10
6
11
1
3
7
2
1
43
5
11
2
9
69
34
28
8
85
55
88
1
36
2
12
40
48
4
7
54
14
4
3
1
2
3
3
1
5
3
84
10
1
38
15
15
3
15
5
4
30
2
9
9
33
40
11
2
1
1
10
1
3
28
3
9
9
1
9
18
10
12
2
8
47
5
109
2
8
10
9
6
3
5
16
25
48
22
3
3
42
24
13
22
3
3
7
10
20
2
3
2
1
8
2
12
2
71
7
9
8
43
5
48
2
11
2
1
3
11
2
51
2
4
6
16
5
7
9
1
1
4
1
2
13
1
7
17
1
11
34
79
38
4
8
2
3
21
2
2
9
1
2
2
2
42
4
1
6
6
45
34
15
15
3
8
1
96
2
3
3
24
7
17
22
58
82
20
38
2
11
1
10
74
32
21
5
2
1
1
22
1
2
5
13
1
2
3
8
37
6
10
9
3
3
3
14
3
2
7
15
3
3
51
3
3
1
5
103
1
2
71
2
1
6
2
16
72
8
8
9
43
3
1
16
1
42
8
60
16
15
15
1
7
2
6
13
6
2
8
3
7
7
6
7
38
2
2
3
5
3
5
22
149
2
7
1
30
34
42
17
4
18
5
43
1
70
3
55
9
8
10
5
39
2
10
1
3
39
4
15
44
3
2
1
22
30
5
10
1
129
2
7
26
9
1
11
13
3
2
52
5
11
5
27
11
37
12
3
4
75
2
18
1
4
7
5
2
1
41
7
39
7
12
1
4
1
2
5
4
7
9
1
1
1
1
2
71
1
2
7
11
9
6
17
1
2
3
5
10
1
5
3
13
47
1
75
8
3
82
45
6
44
59
5
14
7
3
4
15
10
1
13
41
30
4
113
63
23
13
2
1
5
10
6
8
4
8
3
114
6
71
5
5
8
8
1
16
91
12
5
6
2
43
82
17
3
33
2
26
1
3
7
20
17
44
37
5
11
3
2
10
3
34
13
25
3
9
5
1
7
9
1
1
1
50
6
1
2
111
1
1
7
1
1
36
14
15
1
9
1
1
1
6
15
2
2
1
3
11
44
3
2
1
1
1
3
3
15
1
3
28
27
1
1
4
6
33
3
1
1
16
25
21
3
1
2
1
11
41
1
7
61
1
5
6
1
1
12
9
68
1
50
1
11
10
5
4
2
40
13
2
2
7
1
23
1
16
2
16
3
22
4
5
41
3
3
1
5
9
27
1
3
1
2
7
3
21
1
1
1
1
12
72
3
1
5
70
25
1
20
2
1
7
2
6
12
1
7
1
2
5
1
3
1
70
10
3
4
5
1
5
12
7
44
10
5
26
4
15
6
56
16
1
44
12
16
45
3
1
1
40
2
3
4
50
1
8
2
2
29
16
27
51
2
4
102
6
18
5
2
27
22
2
1
1
2
6
43
4
2
7
1
1
1
1
8
1
2
20
3
1
18
1
14
19
37
18
1
4
12
1
5
6
2
3
1
13
2
4
5
27
4
4
1
4
1
3
2
60
1
22
1
13
96
1
3
33
38
82
7
34
1
4
2
1
1
4
3
8
1
2
3
11
3
13
1
1
1
27
1
8
39
81
6
4
6
2
37
12
2
2
3
11
8
1
1
1
29
5
8
2
25
3
37
3
34
1
8
53
41
37
2
12
1
33
47
1
11
9
4
64
1
1
4
2
5
21
29
3
1
8
15
12
2
2
1
29
3
1
2
67
12
2
11
10
1
1
10
47
3
1
1
95
3
1
13
34
2
1
15
34
1
1
7
13
11
14
3
1
4
76
60
41
38
2
4
5
1
10
1
1
17
5
3
3
3
34
17
3
14
4
5
3
49
1
13
15
34
1
14
10
26
14
29
5
3
49
4
5
23
5
2
14
3
11
27
10
44
3
2
16
7
10
4
1
5
3
2
7
121
37
3
26
7
2
15
19
8
16
10
6
1
45
10
5
22
1
2
3
29
48
3
11
4
3
6
7
9
2
9
2
32
2
1
5
36
12
15
1
5
15
2
4
25
33
1
35
12
1
5
5
1
11
1
1
1
32
34
5
44
20
3
6
1
6
41
1
6
9
1
1
40
12
67
2
2
22
15
20
8
1
3
5
13
1
8
1
6
4
21
15
15
2
10
5
1
4
4
22
4
3
11
1
6
6
1
69
2
1
14
3
8
17
28
1
11
17
8
28
2
39
4
2
1
7
30
1
9
5
9
62
4
46
7
28
19
23
10
11
11
15
5
43
26
41
12
6
6
1
29
6
2
25
6
1
14
23
7
3
6
1
6
39
2
4
12
1
2
18
6
8
4
1
19
22
9
25
3
3
48
30
1
2
12
49
2
5
4
1
8
8
2
34
12
21
1
1
1
2
4
3
5
21
1
8
1
41
1
4
6
21
29
12
3
20
3
13
2
1
3
7
8
14
7
2
8
37
2
14
13
20
9
3
36
1
13
82
1
8
15
6
2
1
18
2
1
64
6
6
2
1
1
72
1
7
52
11
3
33
13
16
10
1
34
1
24
4
23
33
2
15
3
7
4
13
14
7
20
3
21
41
5
9
2
5
1
38
38
6
5
6
54
4
5
1
3
16
2
4
13
14
13
3
12
12
1
7
1
64
9
4
1
4
80
2
9
6
49
8
4
2
18
30
8
88
45
2
2
4
7
14
3
6
18
17
8
3
31
7
9
3
2
1
2
1
1
22
2
10
14
4
2
10
4
7
1
43
2
17
1
23
11
9
31
2
3
1
15
6
8
50
12
17
19
1
30
9
6
2
2
17
5
1
5
6
2
2
5
8
6
95
4
3
4
16
8
6
1
29
32
10
14
21
3
1
114
7
32
1
1
38
47
14
13
1
10
5
7
2
33
3
34
5
16
41
20
5
4
2
5
53
1
6
4
3
13
12
5
13
3
25
1
1
2
1
14
27
3
4
1
1
46
6
5
37
1
36
1
6
1
4
4
2
80
8
3
7
38
13
8
2
6
6
70
4
1
2
8
10
2
36
3
13
8
7
53
3
1
12
9
1
2
1
9
15
1
5
42
1
4
1
2
11
27
8
3
8
1
9
75
1
1
65
1
3
6
12
8
1
2
1
14
4
1
1
1
1
15
11
8
9
3
48
13
8
1
4
32
6
2
13
3
3
2
3
3
11
17
3
2
6
1
5
31
35
2
5
28
2
18
12
1
3
87
114
12
3
48
21
8
8
11
2
11
34
1
4
22
6
3
5
10
5
6
1
48
11
2
2
12
52
51
1
3
2
1
2
4
2
3
1
10
33
13
12
14
14
13
3
1
2
9
6
10
5
28
17
1
1
2
2
1
6
2
2
2
13
61
1
3
5
3
31
6
7
4
9
61
4
6
1
4
7
5
3
4
11
3
2
21
33
3
20
8
38
34
8
3
7
1
30
2
2
5
3
19
5
2
1
20
54
5
14
15
1
10
10
53
11
27
3
26
9
1
1
10
3
37
1
2
2
19
5
13
2
2
2
2
8
54
3
85
1
10
4
11
4
20
18
2
6
2
1
2
10
1
4
5
26
1
12
29
12
8
1
10
2
13
23
14
2
1
6
8
10
13
4
5
1
4
1
10
5
5
44
1
24
3
3
2
4
12
5
3
16
2
24
4
7
1
9
1
1
5
7
2
3
15
2
3
5
1
2
37
3
8
16
2
2
22
5
10
2
39
5
5
1
3
4
8
6
11
5
4
29
33
34
1
36
4
5
22
32
16
59
1
3
4
5
5
6
7
6
1
4
6
17
33
2
51
2
18
109
1
42
16
1
2
8
2
92
5
5
5
7
14
2
4
1
31
6
4
2
4
8
1
14
1
12
1
14
22
11
13
1
4
9
1
1
3
3
5
4
3
10
8
2
4
3
9
15
3
1
13
23
1
1
1
12
10
2
6
4
12
2
2
3
10
5
1
22
9
1
1
27
2
22
2
13
1
51
38
3
1
46
1
5
1
4
2
3
6
13
10
4
1
3
5
21
5
4
6
8
14
37
71
8
5
34
33
2
7
4
13
1
7
7
26
2
7
7
16
1
3
5
5
5
2
41
14
4
10
5
1
17
7
8
1
9
6
1
15
40
1
4
1
5
1
7
34
13
68
20
25
2
2
4
5
6
11
29
5
4
24
2
33
1
2
38
3
71
5
25
1
5
1
23
34
8
4
36
5
41
3
31
12
7
3
15
4
1
3
1
6
1
40
1
3
20
10
5
9
8
3
2
8
4
5
11
6
10
4
16
5
6
7
35
2
2
4
21
1
13
5
2
21
5
2
3
24
2
24
12
1
20
8
19
50
5
3
6
2
16
12
9
5
37
5
25
1
1
5
2
6
3
1
8
4
4
29
2
1
2
3
5
11
1
3
8
11
24
18
1
25
3
9
4
1
18
2
5
9
17
3
60
8
85
22
16
25
25
12
17
46
69
31
33
144
20
21
1
49
6
44
40
30
17
31
67
125
34
1
28
22
36
13
4
27
10
33
10
22
23
114
6
81
6
7
2
21
29
116
5
11
55
50
19
16
128
32
9
16
2
19
4
42
6
121
8
17
28
62
127
60
26
34
12
6
32
34
34
34
7
29
56
40
40
111
75
37
29
14
20
11
22
27
8
22
132
31
58
12
13
10
87
40
38
63
1
60
44
4
13
3
85
5
8
7
24
5
5
29
34
23
29
33
43
11
31
21
22
21
12
38
4
1
29
1
19
40
30
43
23
26
21
21
14
9
4
2
3
122
111
6
64
14
30
46
6
18
20
41
23
10
46
24
43
16
13
31
16
6
12
6
11
29
37
43
16
1
38
63
32
13
31
23
2
123
29
21
20
33
22
25
18
16
14
53
7
13
15
14
37
9
6
12
24
8
23
9
60
27
29
42
4
1
15
1
55
5
6
66
4
4
2
16
11
6
16
32
4
17
34
